4989
4976
4975
4972
4970
4966
4962
4961
4961
4956
4955
4954
4954
4948
4946
4945
4944
4940
4937
4932
4930
4924
4923
4912
4905
4902
4901
4895
4894
4893
4887
4886
4869
4866
4855
4855
4855
4853
4833
4832
4827
4815
4815
4812
4802
4801
4798
4796
4790
4789
4781
4778
4774
4771
4767
4766
4763
4758
4757
4745
4741
4736
4734
4734
4718
4711
4700
4693
4690
4688
4686
4681
4678
4676
4675
4668
4667
4664
4658
4657
4648
4643
4639
4629
4626
4625
4617
4606
4604
4601
4596
4596
4589
4577
4576
4565
4565
4558
4556
4555
4541
4536
4515
4514
4512
4510
4503
4497
4496
4488
4485
4484
4484
4474
4474
4472
4464
4460
4429
4423
4423
4414
4413
4405
4393
4389
4375
4374
4372
4370
4369
4369
4361
4358
4357
4357
4355
4353
4350
4350
4343
4337
4334
4314
4314
4314
4313
4313
4313
4310
4309
4295
4292
4288
4272
4270
4264
4256
4232
4229
4221
4213
4213
4200
4187
4186
4182
4181
4179
4174
4170
4169
4169
4168
4161
4156
4155
4146
4144
4141
4129
4099
4090
4084
4084
4072
4050
4041
4041
4040
4037
4031
4028
4021
4018
4015
4011
4010
4010
4008
4008
3992
3986
3985
3985
3977
3977
3971
3971
3966
3959
3958
3942
3936
3935
3932
3931
3909
3902
3896
3878
3875
3869
3869
3851
3850
3847
3844
3831
3831
3829
3829
3823
3811
3805
3788
3787
3786
3775
3762
3759
3757
3756
3754
3753
3745
3737
3728
3723
3716
3712
3704
3703
3696
3694
3692
3689
3685
3683
3678
3676
3662
3655
3653
3651
3651
3650
3648
3646
3636
3625
3622
3617
3602
3588
3584
3584
3584
3570
3561
3557
3548
3540
3538
3527
3526
3520
3519
3503
3492
3489
3487
3480
3476
3467
3464
3458
3452
3443
3434
3433
3430
3401
3392
3380
3365
3360
3359
3357
3342
3330
3323
3321
3318
3318
3313
3309
3297
3297
3296
3290
3289
3286
3281
3281
3271
3261
3260
3256
3253
3245
3240
3230
3221
3216
3213
3199
3196
3195
3195
3190
3186
3177
3169
3152
3145
3142
3132
3127
3116
3115
3114
3112
3102
3093
3087
3082
3075
3073
3070
3064
3061
3060
3039
3035
3035
3031
3030
3027
3022
3022
3019
3009
3007
3007
2995
2993
2982
2971
2964
2963
2958
2958
2949
2949
2943
2941
2938
2938
2929
2913
2913
2900
2896
2892
2888
2882
2870
2870
2867
2865
2864
2861
2859
2850
2848
2843
2841
2835
2825
2818
2815
2813
2813
2807
2800
2798
2773
2760
2758
2757
2756
2753
2741
2734
2726
2725
2722
2717
2713
2711
2704
2702
2701
2695
2685
2678
2673
2673
2670
2668
2663
2662
2658
2648
2646
2644
2637
2637
2634
2627
2625
2625
2624
2623
2619
2619
2616
2611
2609
2607
2605
2604
2600
2598
2595
2593
2593
2591
2591
2589
2578
2550
2549
2549
2549
2546
2532
2529
2529
2525
2518
2510
2508
2506
2505
2489
2487
2483
2483
2466
2455
2451
2448
2446
2441
2439
2437
2432
2428
2423
2421
2421
2413
2410
2409
2404
2398
2392
2391
2391
2386
2384
2382
2376
2371
2368
2363
2356
2355
2350
2348
2324
2317
2316
2306
2303
2296
2292
2287
2285
2279
2270
2263
2262
2257
2253
2249
2233
2226
2223
2222
2220
2209
2200
2193
2192
2190
2189
2181
2171
2170
2168
2168
2164
2164
2161
2157
2154
2152
2142
2129
2125
2110
2109
2103
2088
2088
2086
2082
2067
2060
2053
2052
2044
2044
2043
2038
2035
2011
1999
1998
1993
1974
1972
1969
1962
1962
1962
1954
1948
1945
1944
1942
1941
1934
1928
1926
1924
1924
1923
1909
1903
1902
1900
1885
1881
1869
1869
1868
1858
1842
1840
1833
1832
1827
1818
1783
1777
1769
1763
1763
1758
1752
1740
1729
1726
1724
1723
1718
1705
1704
1701
1698
1694
1687
1679
1673
1659
1655
1654
1652
1650
1641
1637
1635
1634
1634
1627
1626
1626
1624
1618
1617
1600
1588
1587
1585
1576
1565
1559
1556
1549
1548
1545
1543
1543
1541
1541
1540
1539
1538
1538
1534
1520
1519
1515
1512
1511
1511
1504
1500
1493
1488
1483
1478
1477
1477
1477
1467
1463
1462
1461
1459
1457
1439
1439
1430
1428
1426
1425
1423
1422
1422
1418
1416
1416
1413
1411
1410
1363
1362
1361
1359
1355
1342
1337
1334
1333
1329
1323
1322
1318
1316
1308
1303
1303
1302
1299
1292
1287
1286
1282
1282
1279
1270
1264
1264
1258
1247
1240
1234
1224
1224
1221
1221
1215
1202
1202
1200
1196
1192
1191
1185
1173
1173
1154
1153
1153
1150
1142
1139
1132
1131
1129
1124
1119
1118
1115
1113
1113
1111
1107
1105
1101
1098
1085
1080
1077
1075
1072
1071
1060
1058
1038
1036
1025
1023
1020
1018
1017
1015
1008
1003
1003
1001
997
996
994
990
974
951
945
944
938
932
913
912
911
900
900
898
893
890
888
881
877
875
874
851
844
838
836
833
829
825
824
824
814
808
798
790
788
786
783
778
771
760
759
750
748
748
734
724
721
712
710
706
705
705
699
695
690
674
671
667
662
649
629
629
629
627
626
620
610
608
608
601
601
600
589
585
580
574
573
565
561
556
556
555
548
547
547
542
537
537
535
527
523
508
503
498
491
485
484
482
481
472
467
466
457
454
450
447
436
426
424
423
416
411
402
383
355
353
350
347
335
333
328
326
322
315
313
303
303
300
292
291
288
285
281
269
264
264
262
259
255
249
235
227
222
215
212
205
205
202
200
195
193
191
188
185
184
176
175
159
153
148
145
145
142
142
141
140
123
117
116
112
109
108
106
97
93
87
80
75
75
72
72
71
67
58
55
53
53
49
41
40
40
37
30
28
28
24
21
21
8
6
3
2
