5000
1667
1528
1679
2864
4421
3405
3826
1816
2516
2726
3666
4087
2681
4964
1340
686
1021
1662
4721
1064
4309
415
2902
4873
2124
3941
2745
1762
3423
2531
4806
2268
4318
602
1907
4307
3481
1012
1136
1630
4114
1809
4084
3556
2290
1293
4996
4152
1054
345
4708
248
2491
3712
131
114
1439
2958
4722
4704
1995
1052
269
2479
3238
1423
2918
866
2659
2498
3486
1196
2462
1633
2158
2022
1146
3392
3037
3925
647
4458
1602
807
4098
2830
4292
4600
2278
799
3352
448
3882
540
3315
4575
3762
4567
2336
3397
1418
4897
828
3851
1816
4230
4449
1925
658
229
4520
940
4560
147
162
1655
675
792
2361
1754
1398
3146
3714
1946
1188
4569
3638
2663
75
4515
1521
475
615
528
3234
2570
905
4464
4557
3962
4161
524
2549
2469
330
1923
3350
4333
2925
910
4737
1336
3337
1278
2393
2636
714
3164
1591
4949
4135
2505
3337
4
1337
2623
3664
4970
608
568
4281
2085
4152
3373
3652
3194
4876
3826
3396
2572
1249
4640
4174
3819
943
2611
1941
289
3419
565
3805
2585
1216
1450
1615
2609
1064
4166
1893
1074
3509
300
4695
4573
589
3161
1172
2968
2358
1031
1268
4426
3510
422
774
3779
910
3552
4182
391
495
764
874
1364
4902
3255
4460
474
1972
1821
1122
547
1577
4789
605
195
2594
2950
1343
754
2481
1012
1672
3439
3428
912
4762
967
4408
4415
1908
2223
1759
1434
204
4486
4319
958
945
1806
3166
3700
1367
2692
1787
3532
556
974
3447
21
3283
1222
4331
2376
3583
1948
2723
2982
2018
4776
4220
1111
2182
3856
4490
3925
4324
1486
4677
969
1643
2534
677
2668
1068
1991
2196
2783
1828
2727
4426
871
697
2612
3703
1027
1408
545
4508
2185
238
4237
1443
1313
2501
3850
128
2111
3650
3149
1192
1454
869
681
2465
267
2713
4793
3634
472
972
2830
4901
3442
177
3877
770
702
4364
1381
1590
3823
2237
3023
2179
1595
169
2327
2042
1310
3182
1058
2926
4487
1670
2528
651
2258
2213
4860
783
1286
2742
3610
4472
2128
3434
841
718
3503
4867
4865
938
1881
4257
2750
3614
3598
3458
2661
1063
2756
807
278
4489
4435
1365
2075
2586
1386
2833
3360
3330
1048
3928
4492
2433
3840
1766
1735
4810
1599
1837
1892
1982
2328
4352
1369
1244
1794
1608
4252
1647
2432
4535
2208
3264
3497
3243
2649
2015
1841
189
1100
4812
648
4523
4851
4474
3633
4891
2200
4854
4990
697
4919
2780
2578
2931
2544
3340
3487
899
2525
3483
538
2492
1193
3252
11
1560
834
1840
1497
2785
3529
1540
3805
3791
3392
3210
3549
1578
1979
971
4277
73
193
1620
1497
3826
1276
4790
1582
3578
1159
418
1489
159
3449
2924
4072
380
2008
2967
208
1477
3503
370
2607
4196
2074
3722
2611
4019
3761
1056
2890
1163
1683
3716
4932
452
2741
4954
1813
2862
396
460
615
904
2599
136
4680
4198
2032
4387
2584
2240
3517
2006
3670
241
3882
249
3523
1758
2105
4621
2095
2296
4916
678
178
3579
58
2577
2750
4007
3729
4081
2995
2678
4676
2753
899
1784
565
3093
3608
1172
1243
4929
2514
168
55
1191
973
3922
1748
651
986
2144
1446
1577
1517
4629
4916
874
791
469
2912
3146
693
4091
4815
1949
1857
640
1052
236
3551
4487
1226
3162
1955
3183
3394
180
1097
3065
2065
2513
4261
2578
1078
1878
4140
4611
1947
2445
170
4975
3489
4750
1149
3333
3865
2214
2282
2007
2432
3896
1367
3522
4882
1810
2641
2231
2187
1705
1479
1321
1538
1351
4447
4208
4646
2276
759
189
422
2666
3486
3455
2028
4614
4860
4253
1777
1348
2503
861
2431
4082
2455
4197
2106
3752
821
2296
1281
1021
4455
947
2124
3318
4135
1376
1774
4859
4998
2074
4253
1922
635
1643
3888
3153
3232
4747
3680
4926
678
1450
4801
4961
4199
855
1363
716
573
1561
3245
1473
3274
1550
4353
1181
4287
2699
3110
3643
2465
2172
2529
4981
2112
3476
4381
3247
1890
1671
3805
2372
32
3989
4320
3165
431
4658
1293
2206
1578
1948
2206
2171
3166
3396
1697
1020
3694
529
4788
109
2984
1969
3978
1617
4015
1626
3684
4168
2906
928
2097
3118
4390
199
1785
4486
4199
2420
710
3271
813
2415
1085
318
3580
1331
2267
3387
3444
3186
4507
4360
2827
3074
1431
2152
271
268
4693
4885
337
1311
2604
2677
406
2768
4022
4413
0
542
2537
38
1388
2355
3289
1647
3181
3093
1584
987
761
493
3217
4501
2482
4447
665
753
2104
84
4095
3525
221
3964
1781
4872
3106
3656
3343
2593
2080
1080
4868
1411
3713
968
3251
2216
2079
3768
2040
1531
2933
3779
663
2259
1653
2936
2095
4365
1874
2720
1835
680
3976
3455
725
4071
4808
3559
4156
602
2832
2905
440
2375
1562
2885
1962
1080
1836
797
1202
508
80
340
2076
4058
1493
2740
3546
474
4773
4097
3880
3335
1072
3400
707
2955
666
4141
3588
2481
2168
3315
4396
1225
1009
2012
3136
1455
3762
43
742
21
2922
4512
4248
1018
2368
3717
4714
2650
3290
3335
2759
3169
1895
303
2640
1979
4199
4105
4791
3661
3681
3652
3753
4033
2029
987
2042
1253
83
1420
814
2718
2244
1063
2229
652
3864
4769
470
5
1047
1594
1487
4326
3276
1323
1540
2679
3990
2588
4710
4271
2945
4221
3470
183
3589
3955
4978
4779
6
3262
135
3487
2196
4033
2088
2935
4779
993
4790
4962
3965
1001
4105
1807
4567
2669
3134
2671
1457
2998
3545
3597
4218
3838
4844
2372
3563
1028
4264
3801
4723
3490
2604
1601
4227
1197
3692
4771
363
4301
2363
2721
3565
2421
3445
3610
495
1741
22
1812
4151
3015
3055
3393
3738
279
4882
1608
2654
3822
2707
4245
1338
144
2290
1339
3154
4604
4623
2225
78
1724
1981
2330
4733
3223
594
4130
3846
4987
4445
3805
3616
750
489
2338
1963
3135
4697
2209
1630
3224
1908
1737
4474
1920
2372
293
3855
1734
4561
1056
2606
3184
2075
3382
4119
1741
432
4684
2779
2279
3283
667
836
4125
4118
2737
3028
2119
577
737
4091
556
2795
1060
1901
3793
3432
2136
4580
4875
907
1184
3074
3719
1790
476
41
3351
3329
1290
2974
3072
3591
2189
787
1490
3239
4893
3053
2063
681
903
2005
4176
3479
1695
1139
2468
3998
1083
3639
4515
2621
4993
826
722
3838
4828
2581
4399
3978
1891
1023
1943
4834
4243
2349
2702
3707
502
141
687
3346
891
4637
3413
1400
2816
1690
3162
3935
4126
4410
4877
1382
1260
2189
1705
3874
2663
722
2195
2566
1360
1038
3588
2811
3245
4467
2425
1867
3189
542
3063
1547
502
4617
4099
23
2226
1203
48
1051
1570
3636
4458
967
3456
4405
1531
4962
1819
2975
556
2531
1495
3044
591
1803
3388
3915
2450
2319
1272
791
4383
133
1775
4642
3569
3300
2954
2078
3585
2257
333
893
490
103
4750
2233
722
4271
4611
3990
338
1641
3258
4047
2352
4658
479
302
2683
3990
2
568
4422
1895
1135
3008
2361
1742
2194
3699
3188
178
4042
1357
3941
1847
2469
1345
4380
1913
4964
710
61
385
73
2504
4462
2703
3102
1069
154
3529
1552
2074
4149
3730
2244
844
3049
4118
4065
1363
4552
3773
3470
4731
1747
2511
869
4398
498
2103
2352
679
3053
3043
4522
1088
1563
834
4850
2022
2240
1911
4492
651
3580
477
2616
4876
4178
220
4615
2348
1798
2179
1635
1857
2883
1662
3902
3262
4420
4770
4022
4273
841
2686
3888
3917
1717
1892
3698
1267
1749
65
389
1932
619
1081
2003
4130
3028
3631
4589
3152
3630
4172
4864
1407
2295
428
4681
3490
1610
1177
1071
236
1459
643
1840
2633
2037
3893
2630
274
2993
3782
2203
2461
3290
4662
2307
997
1151
3423
3890
1717
1640
3703
566
4883
3661
2659
3245
386
2651
2765
4601
1840
2209
1497
2283
4250
3058
3421
175
581
1787
3271
4287
2999
2504
4979
2138
700
530
2461
2118
205
2540
3828
4459
1622
4398
3760
2098
2935
481
614
4567
3493
3596
4161
2746
538
2670
538
1476
1555
4917
1371
1760
752
3758
433
2255
4065
726
2401
3034
2759
393
548
2273
3792
1193
2933
137
2103
3690
3211
3694
4668
2627
2498
989
248
3879
1647
1149
931
669
875
598
449
436
4599
123
1443
1731
3154
2861
4434
4385
3967
816
1393
1704
4866
953
308
3223
3684
792
2667
48
2469
3930
811
4814
1090
427
3743
1604
599
1474
2195
506
158
2589
4858
2809
2889
1447
40
3818
4364
2975
26
89
2503
66
1412
1840
2570
4676
395
3641
4986
2651
1109
3187
83
1085
3390
1250
3686
4755
1381
3128
502
4277
862
1424
3565
3872
832
885
4428
1646
889
1478
883
4925
1265
1260
45
778
821
3855
2520
2927
4773
134
2251
2675
3336
1334
1001
2737
4310
974
2590
356
1071
2080
935
2145
2282
1825
3718
3573
4712
3037
4998
4905
2162
1717
3692
4539
3047
946
4103
231
4115
839
858
829
2645
3394
2199
4645
4272
675
1862
2072
3773
2480
1238
1897
3542
4608
4203
3277
1125
134
1401
4078
3382
169
736
2478
2939
1138
3721
1426
663
1677
1575
1724
981
2700
2961
3862
1002
3448
95
684
4016
137
4507
3993
1284
2944
259
821
2058
4643
2668
677
119
4857
3041
3891
264
1623
1915
3072
2929
841
4715
2615
2536
4957
2759
700
3452
93
4241
1829
2448
227
1798
1224
324
2274
3133
2885
38
2170
1862
2629
84
1909
4878
1923
2085
4400
3024
4193
3105
4412
765
767
407
677
3784
704
4790
4834
891
621
3085
2734
190
542
2998
2086
2018
621
424
2597
1376
4254
4669
3108
2927
2493
1068
1366
4102
2438
2600
819
4318
2290
4984
1339
2556
808
4632
1478
1814
3787
2239
3074
20
827
2554
1988
2441
1798
3642
4002
1321
104
3946
2056
3509
4833
2708
4761
1533
686
4804
1385
142
3842
2260
2161
1620
4343
4578
1187
113
3063
4591
934
415
656
4761
12
3411
1959
1251
3738
3370
1124
507
3007
2584
951
3101
4489
4958
441
1790
2013
412
4855
1060
2093
3472
402
2676
3543
2373
1266
2651
275
1528
532
761
469
2503
2729
2107
2892
2451
2953
3392
2570
3519
4472
3407
2494
4505
3440
383
4262
1409
3607
3038
4360
471
1171
654
4947
1514
4523
1229
489
1766
2887
4756
1632
2470
739
666
3522
2283
3160
2553
4705
2091
1259
386
1687
4629
42
3317
2045
2356
3388
452
3154
466
1833
2760
1919
631
1738
1267
776
1098
4314
1320
3053
4007
1469
4216
4722
4842
4007
463
1260
947
3793
3630
3717
3043
1376
314
1626
2117
1334
620
4171
1792
3964
4154
3866
4693
664
3775
3000
2212
1100
2551
476
1379
943
2877
3789
361
1385
3272
1434
144
4561
563
4504
2946
3888
308
2157
1430
123
1464
4074
4346
3837
1981
318
1611
1292
2591
3832
2123
1461
1991
1461
2330
3498
2369
2291
3400
4179
4117
2317
4914
1595
1441
936
1867
2028
1453
2909
3973
2981
1503
1569
1816
1883
367
385
3402
230
2157
3681
567
3310
1866
3687
3171
3477
1245
2764
1238
2671
2047
1115
4592
2311
2657
1405
53
2171
580
2740
2530
3675
4320
790
3377
998
1586
1604
4489
4631
4744
3388
1610
3718
1919
3259
927
4609
3119
1479
2716
1300
1396
1853
1458
830
4593
806
4849
4854
4272
1160
2294
2054
1333
146
4229
471
428
559
2241
4421
2688
1366
2033
1685
2270
329
2261
2860
2208
3982
2162
2506
1878
1979
1897
2887
1538
4469
783
2540
2795
2266
3633
3509
4557
2317
1134
2053
3135
2258
2593
2843
1693
1466
2951
3140
1094
2937
174
2512
1097
4551
2695
1817
3492
1292
237
2530
613
296
1710
2389
628
809
3786
1744
3840
3182
3569
1120
2393
1292
4962
4214
2527
1807
3194
3705
4713
2011
3913
1693
4664
1203
3995
2762
4381
1946
4909
1048
1768
1624
2511
2954
4235
1127
4633
3240
1862
127
2577
3817
2340
142
100
3400
1558
1476
3154
935
1430
831
1295
3537
623
2922
2927
3029
211
1211
1754
1880
2253
3293
1321
785
1528
443
1000
555
4671
4270
2452
4375
4631
3640
3934
3040
2986
3834
4248
1539
3765
2796
312
2262
52
731
3987
4464
2557
4248
4556
170
450
2182
2301
3293
4099
3332
4044
2331
75
1004
4050
26
4066
1738
4801
4623
3843
441
3380
4695
2918
3659
1363
2628
1329
1088
3854
3613
4979
3569
666
2679
2577
2837
3402
3115
3292
1723
2872
4448
323
1153
948
4395
197
4508
2908
2411
3993
2665
1781
3202
2610
4828
2256
2705
3965
3023
769
1715
253
1805
3684
4478
2145
1840
833
4285
1900
968
3994
1633
3885
348
3281
3032
1256
4910
872
3982
3901
2306
635
2860
2471
4527
2137
3343
4768
3233
3995
4171
2603
3942
3011
2879
1034
4512
4593
530
4161
3234
258
1926
906
191
4443
1188
227
2719
1484
224
4093
435
3224
3094
3582
3867
3627
2005
1146
2686
1589
540
3237
2850
3759
4578
3956
2677
2403
3042
1300
811
225
1143
1595
1016
1615
3804
1006
3368
1641
335
698
1325
3313
3023
2312
4618
3457
3396
3339
1086
2094
2846
2043
1522
2911
1280
3455
1358
1847
3870
990
3873
4327
3413
3454
1896
2472
4450
2241
4641
646
3525
3213
1824
2929
3695
403
2594
2993
1067
2187
4640
79
41
3125
2534
4860
3000
4907
2621
2692
293
117
2717
403
3943
2893
639
4011
1925
4028
4978
748
2850
2892
1444
654
3623
4353
2036
1547
1346
826
1061
3904
238
2571
1886
1405
299
2056
1728
1267
3751
2019
4991
3166
717
846
2093
3187
1421
2912
1867
3299
2444
4897
1201
3328
4942
2104
1768
4768
1641
1296
1262
720
1244
2918
4625
1219
2584
3174
984
459
3149
2014
695
2503
32
3851
1537
1814
3363
4651
1219
4290
917
1683
1918
1584
2252
3586
1269
1248
2137
2397
424
3168
27
3148
1993
382
4271
2669
893
877
1014
4104
484
2943
1495
1811
1293
3892
1798
1990
1299
4890
3493
4074
1549
3774
4314
173
4069
4218
1865
1833
238
4911
3252
1463
1508
149
3088
2245
1231
1920
106
4271
2368
1421
258
4157
4647
4982
3238
4122
2723
906
3706
189
1156
345
2351
1923
2118
1550
2097
1836
591
3406
4510
813
4651
880
2844
4743
2741
1245
4578
4949
1705
4514
4785
4227
3624
2204
3356
3917
1227
555
102
4286
4468
1698
3979
1411
2489
758
3490
775
3410
2132
2089
2296
1950
3112
122
2529
2672
836
3277
553
3976
670
4085
2652
1751
397
4751
4001
435
1693
72
2916
1716
328
1511
2125
1838
2296
3939
1544
1056
2826
2902
1758
4588
2021
2586
4108
4777
2628
1979
1947
2549
1280
3245
128
4062
426
4719
677
4091
4047
3785
3231
2406
3684
1954
1769
4709
2956
2421
945
3465
1016
1860
1497
3335
190
677
3049
1005
2886
3388
3675
3143
2377
130
3487
1555
2482
253
0
2754
289
2488
215
2008
1310
940
2799
2997
4707
3454
304
3237
485
2499
792
4613
2612
3682
2983
351
1129
2137
33
1600
1864
3683
1857
3968
1710
1968
1708
2641
2732
2437
1684
2499
2701
4869
3583
4256
4692
2640
2087
12
3810
820
4835
1663
615
897
3677
2774
134
2553
4533
3878
2286
624
2734
3075
349
712
1984
624
2792
1504
3822
4055
3913
462
4473
84
4160
1122
1053
4397
1822
4750
1337
3917
4006
4931
2197
2505
4236
357
1599
3290
1898
985
1447
1084
592
3725
3996
4855
4828
338
2342
4428
4795
742
37
506
1767
53
4793
3505
4146
3609
3924
4854
4465
2239
1206
4209
492
1499
3175
1036
3061
3647
618
13
1727
712
2896
1909
2841
130
4090
4034
2915
1286
3523
666
1344
2736
2037
416
893
1949
971
844
2777
4285
1200
4590
285
3325
2118
668
6
4729
4008
4541
225
536
1980
716
470
384
3747
328
2936
1204
700
2523
1364
1411
1040
250
1504
3483
1766
1141
2670
845
506
4088
3256
107
3266
857
2678
4199
2674
4155
191
3990
4832
858
996
3917
3290
3967
1707
3234
3246
1462
4402
3239
3426
4095
906
3314
350
4586
279
2776
822
1879
2301
812
676
3164
2357
2570
1038
4312
144
1561
3180
3200
643
1856
3061
2647
939
4808
4290
2452
979
2618
1419
4007
2284
4547
4977
675
3613
3709
3371
3642
1339
1336
2621
1501
1034
3129
1358
1436
3469
2897
3504
4798
4202
3105
1238
32
65
2516
4481
579
4023
1727
1771
1313
382
1140
4816
3488
319
589
513
3259
851
2271
3283
4364
2038
3012
3184
1759
3501
4574
3733
59
2714
2649
1595
3522
4541
416
377
1052
565
4891
138
3310
967
55
3787
2224
3222
1439
2441
1648
1804
2834
4368
1441
3872
2668
4974
4176
137
633
3241
745
3018
1015
2974
4252
846
3956
524
1966
581
3144
2240
4334
296
1876
27
1205
2018
4291
1641
3465
1191
2471
1259
3700
217
2016
1943
4624
2064
1505
1157
1502
2666
4275
2046
2632
4789
1046
2145
1003
3152
1901
3326
4153
1184
4649
350
405
4346
1025
3970
4336
4795
4793
1323
532
3856
896
3210
2776
692
4550
290
3795
3852
2350
3315
36
4361
3760
4984
3729
2534
1050
3082
1806
1936
584
790
1617
4182
4066
3116
1388
4425
3101
610
1450
4982
3621
193
2038
1754
4593
4895
280
638
167
2420
4345
1883
3865
4696
833
390
2632
189
2839
183
3817
2129
1753
679
3613
600
3252
145
4861
2151
3318
3963
2813
4907
4554
1476
617
1211
429
2264
966
4531
4942
698
4522
1155
2587
257
3158
4464
3762
3510
946
1065
3380
3165
946
3540
2297
3042
4464
3194
2584
270
2715
2200
1206
2106
1302
4696
3833
2611
4067
415
1645
175
1354
3448
4919
3079
2988
1321
2592
1597
2197
3509
3652
71
658
4122
1859
2997
999
1899
4120
1320
2036
1984
4912
1915
3953
4485
741
199
1567
4208
1844
169
4681
4879
1108
2207
259
706
3849
4075
3026
124
2607
2774
2884
128
4546
3145
481
1714
149
4168
3338
307
1793
3504
1105
1697
3217
955
1641
2343
1133
2097
679
736
4555
633
1954
930
252
4904
279
2488
4870
1754
1072
2176
1701
415
3086
4231
2480
4975
260
514
3938
1657
4990
4438
3981
447
242
4618
1070
631
4061
2219
3781
990
2833
3672
1563
1302
502
1928
721
4898
1447
945
3406
2222
3686
794
3577
2844
3683
1547
3240
485
1464
1723
337
1653
2168
3130
255
1466
4858
2512
4656
3318
3201
142
1276
1506
2702
684
23
270
1312
3250
3475
311
1850
4195
488
1520
1101
183
4798
2892
3848
1784
245
2187
4462
3343
3258
1859
3871
4016
3172
2832
4441
2683
1088
2015
3976
3516
3298
39
1283
3205
4997
4146
769
3675
917
4387
20
1030
2442
1735
2389
373
3480
2073
777
786
3381
1785
522
3345
979
1085
713
935
4735
883
2186
1096
648
2085
4752
521
4260
1982
1636
2688
4919
2236
1792
2065
4278
4198
1496
1386
1011
976
2547
2121
3202
2245
1702
3564
1539
2572
2257
2370
1920
1654
4359
1080
2298
3391
3960
510
4591
867
2033
1675
2136
499
2775
790
4376
1256
272
703
86
967
4515
3542
3495
3566
3456
4186
3437
4198
2626
3364
1085
1665
3908
340
1360
2814
1154
3012
4752
3338
3706
2525
630
4249
3179
3079
3313
3838
2517
3421
4145
991
1969
1839
4308
1565
3762
4473
3681
1970
3147
2053
2708
1508
1715
4429
1066
2689
4663
1771
541
1259
3631
3572
2514
966
988
3170
3168
2199
655
3850
3444
2936
1278
4406
4427
313
2523
2371
3327
2073
3461
2173
4934
1102
587
1417
1463
1153
1126
595
1495
4213
2406
2370
3859
3305
2496
4833
4223
4852
2879
519
1126
2793
1585
1465
1371
444
2107
2271
4087
3099
1519
3596
715
2552
2492
4753
3257
2590
4959
3357
886
2809
865
686
2019
259
2313
2435
1028
4101
468
2869
456
1731
2578
1074
1395
843
1274
3316
24
511
3585
722
3971
57
4095
3174
38
2183
1658
2295
722
1983
1231
4503
2232
4300
590
1480
2408
505
2702
2858
4818
557
561
4120
28
3656
713
3332
3092
2182
1467
1320
2358
1074
3987
4094
4983
1364
2264
4714
1746
4390
425
1255
3163
1467
792
4231
2619
2880
4718
1128
4948
4720
4079
2091
3766
2587
808
2126
4825
1159
2518
3220
35
1314
456
4147
4156
134
3360
751
1208
1478
2294
2589
2524
2976
4694
4090
189
4372
2419
301
1702
4844
523
1539
609
1827
1637
3186
2416
1827
169
2623
4899
2514
415
3644
436
3669
378
1676
2858
2952
4846
2137
915
2988
4616
2288
2382
3074
333
3915
1056
656
62
4616
4524
2129
2442
1984
4872
2049
3396
3026
3582
202
3775
416
665
4552
3759
2755
1417
2844
3554
4443
1824
1999
3422
121
733
1413
4917
793
1873
2060
1175
4074
985
2501
1622
3208
2395
1026
1720
1291
1988
929
4072
977
193
8
2254
922
876
137
816
3803
1090
2912
2289
2253
4979
2299
2322
2902
2602
1369
654
2729
4734
2438
2274
226
1463
3134
2972
4348
1453
4503
2307
518
3333
2437
695
3179
661
3144
2659
961
1907
1576
3472
645
3592
2972
628
4196
1811
535
835
1229
3716
3532
4956
1158
4749
4620
3296
4724
3120
4526
1406
3983
3445
574
1691
1588
538
664
3104
877
353
2942
2004
623
4852
625
2611
2842
3724
1149
135
3590
146
2328
3855
2804
1741
1909
4381
2779
4102
83
692
532
2312
1099
1161
1047
2405
290
2569
4959
2628
2139
1228
2580
2471
1778
2440
3456
2148
4444
4745
1125
2210
4698
616
1180
4815
1064
1226
4472
2479
4593
2482
3005
3536
333
1105
2587
732
638
1165
1064
4518
3399
32
2508
3896
3438
3978
2638
3245
4059
4169
744
2362
4769
1049
1518
1467
558
2143
3061
603
4190
2186
1226
3603
2004
1300
1768
423
1347
396
4566
230
1665
1152
2000
3617
4173
786
668
1597
1579
1224
2728
1260
2158
3425
3267
4312
734
452
169
4562
1570
3211
4235
1890
1711
2064
4750
3960
2545
4767
1754
787
3217
4565
4942
2088
273
2815
2579
837
4388
4269
1886
3830
809
4640
2321
3319
4881
1626
3020
1411
454
893
1984
2357
2999
336
3829
950
1457
2405
365
2334
49
4094
3592
1270
119
3017
4313
253
1117
4977
4160
1505
153
4591
1562
3576
4854
72
1134
3016
50
4193
1945
1852
747
2521
3061
1344
259
3366
2885
4439
2718
4107
268
3554
2050
2432
3799
2020
1735
1098
2792
3916
1182
4029
316
3059
3758
4583
2399
1135
3357
70
271
2342
2780
3877
406
3295
2686
2403
3252
718
3035
2285
3428
1678
960
101
949
2364
1385
2626
2157
2737
4841
3938
1593
2096
1033
4493
4768
2873
4935
4109
96
381
1561
739
584
923
3499
1731
1849
442
3606
1850
3287
1040
2769
4223
1588
1467
2083
3400
1158
606
1938
4463
920
3366
758
4685
4023
229
4298
4356
470
3175
4196
1683
4988
2619
2946
2190
3275
2469
519
4341
1197
3545
1654
2158
4058
794
3791
3341
4837
3900
3232
2675
4736
2438
4958
580
2085
13
284
253
727
285
2426
4670
4536
3281
3370
1549
1348
4077
1199
1835
3573
3137
3351
3731
2617
233
571
2376
529
2731
1044
342
1467
0
2528
916
2634
4999
2757
4240
581
3623
941
2131
749
1539
4299
575
4099
4363
3245
4726
201
1424
4083
2389
735
2024
3895
3745
1170
1483
3717
3392
3752
1324
4773
2740
3255
4468
2070
1843
30
756
765
3114
2980
1458
2358
3124
1008
311
1667
1717
928
2590
1099
4580
3870
2990
412
4000
3064
3275
84
4682
2911
106
4868
3644
3826
1436
2366
1592
4988
3838
865
2212
3947
2446
4659
1052
771
1256
1110
2057
666
1250
2670
3145
3925
1148
874
774
2043
4429
536
1763
16
1858
3934
2301
2061
2655
3815
1174
582
139
2082
4024
900
1575
4337
376
1300
4424
864
537
2695
3525
3629
2851
4788
794
1744
1706
75
1071
1490
1884
4819
4979
2195
158
1807
845
374
2438
1156
4820
432
4766
2222
2957
553
1271
1955
4389
2625
3029
3128
2039
1527
394
3490
4648
3054
517
4192
2530
2618
3148
4056
2990
2282
4743
1439
1301
1493
1927
269
393
1033
3431
3592
1135
4026
842
4080
3616
4961
3717
907
920
3245
2166
121
2782
2782
2006
1491
1870
4615
2195
3143
1763
4771
3592
4935
4217
412
881
3467
1721
1952
2322
1828
3230
429
1424
2699
4153
2151
1794
41
264
3383
3720
144
388
4077
3213
202
3658
4202
3753
2249
58
1575
3090
4638
1823
1395
4701
2205
1558
3123
4287
1041
4026
2530
1209
4820
935
2043
2531
674
3902
3100
3071
3775
9
1430
2794
3622
1736
1890
15
2452
1754
4782
2933
188
2855
1960
2945
4923
542
4659
487
943
347
3584
1389
1668
1788
3198
2280
2479
2707
1813
1860
447
4846
2271
2182
2344
3142
1448
636
2353
2549
3888
2823
1825
4251
1190
2639
2046
3362
775
2624
4078
4985
103
1781
377
1350
1048
170
3494
216
2729
4726
1038
4915
3672
3352
862
1421
2667
1128
1465
4329
259
4082
389
4986
1419
2735
2140
3666
3632
3485
822
3
161
1896
1141
2150
3432
872
2361
4770
2313
2165
645
3120
1810
2128
970
1621
3596
4
3514
799
3210
269
4552
2235
471
1344
1830
1382
2261
1395
2151
666
83
3710
1758
2372
2295
2906
14
3452
284
4905
812
3021
1341
1575
2290
2525
1611
2167
1982
783
3387
3793
3050
4679
3268
1274
884
2629
335
2460
4105
1511
4992
2824
2550
2016
3060
4801
759
4309
2923
67
2300
2225
3256
4140
48
1655
1807
4449
3491
3760
4382
4836
219
270
4679
1725
519
4809
1701
1631
3324
807
2725
2301
283
3969
2488
1164
3963
4124
2534
2770
2851
3997
3724
4511
67
265
840
3379
4955
1028
1661
2432
3227
160
1139
2666
2237
2048
4848
4404
2048
565
3221
2133
3175
1241
2514
2147
2362
3954
4676
3454
1658
1721
784
688
466
1116
856
180
1429
4537
3629
3389
4843
2004
101
4384
2920
1987
136
4052
2582
1528
1366
1472
4193
1958
4179
3983
987
823
397
1096
1594
3901
2653
4520
503
3472
20
1932
4953
824
33
57
665
2732
2280
167
1966
690
868
4926
2828
1479
4144
4703
4449
3833
2003
2910
3240
1027
610
527
282
1393
2187
2863
3961
2565
3599
4251
2318
2081
3558
3103
1358
238
2178
2464
2457
1572
2221
1922
756
867
1260
4298
343
234
1841
4019
352
4062
3411
1811
1793
2405
1881
3651
760
2898
1271
842
694
84
1535
1500
955
1155
323
650
1688
939
4010
1017
4932
4948
1210
3495
1419
4648
4189
171
851
3695
1223
3637
1649
800
4407
3134
884
2177
4812
641
304
4496
3162
2537
3551
851
2732
1565
3938
2445
1228
3194
4526
2178
745
1928
4205
149
257
312
4401
199
4727
2692
2353
2795
1542
2567
2149
2376
4255
1742
1748
103
2815
4047
1073
3965
4749
137
2169
4331
2970
1053
3768
3052
3178
1156
4981
2695
2586
3929
731
4278
2859
3752
89
1958
238
2054
2972
4208
656
4171
3147
3503
4511
2174
3819
1107
2205
2599
788
3261
4045
4435
2492
732
76
4667
403
3367
3899
1054
167
4212
1114
129
793
1977
4854
12
1831
4889
3326
2647
1299
2489
4674
836
1612
4387
1957
503
4491
482
2829
2027
3361
952
3496
646
183
597
1554
32
3102
945
476
3224
4081
2195
1623
2632
3343
2602
369
3282
4989
4437
1599
35
3179
4654
4652
3399
3350
132
3945
293
1871
2649
2590
4204
2177
705
319
4750
528
228
722
4668
3785
3774
4184
1651
3884
2037
915
189
1681
4074
3759
850
4546
4260
1427
2233
4421
3161
2818
4546
1350
1263
1461
1846
3458
4594
2371
2945
3502
3246
420
254
2953
760
3586
419
3735
1616
113
3335
3592
4018
4265
4370
2336
1525
2746
2644
4512
4482
2815
105
726
3201
773
306
3080
1593
3990
4591
4214
3223
857
2700
3849
2322
3285
1762
2702
1268
1374
152
3848
4235
3638
2762
3237
1272
1792
2200
1343
2519
2481
3370
3991
4145
4984
2714
2085
79
4399
1282
4386
2119
2650
2193
185
516
3608
2888
4499
2425
1896
2769
331
4814
1502
970
4537
2598
1077
398
1851
1888
4463
4053
3505
741
1267
4662
4655
4081
4695
4618
1872
94
4670
2538
2121
1445
4523
3243
2365
4718
2135
1937
4599
1499
3192
554
4124
31
3066
1429
2722
4556
3818
1875
1692
3910
3361
3132
4728
522
1149
2277
1826
4348
1278
2777
2338
175
3944
1125
139
4821
1340
3640
2966
4081
3148
2547
4951
2907
4551
3110
1557
2077
3009
403
1576
540
1023
2574
454
369
1906
2485
4999
3048
3930
573
1658
816
3884
